<MissionEditor.Mission Version="0.60">
  <MissionProperties AlternativeSetup2Description="" AlternativeSetup2Name="" AlternativeSetup1Description="" AlternativeSetup1Name="" AlternativeSetup0Description="" AlternativeSetup0Name="" DLCBitMask="0" InitialWeather="0" Time="01/01/2000 12:00:00" MultiplayerDescription="" MultiplayerAttackingArmy="0" MultiplayerModes="0" MultiplayerMaxServerBandwidth="2048" MultiplayerMaxPlayers="16" EnemyIntel="#ofp_missint_defaulte" FriendlyIntel="#ofp_missint_defaultf" Debriefing="#ofp_missdeb_default" DetailedBriefing="#ofp_missbrief_default" MultiplayerArenaSubdivisions="5, 5" MultiplayerArenaWarningSize="200" MultiplayerArenaSize="1500, 1500" MultiplayerArenaCenter="16000, -8000" MapImageSize="4000" MapImageCenter="16000, -8000" MissionImagePath="" Description="#ofp_missdesc_default" Group="Mission Editor" Name="#ofp_missname_default" />
  <MarkerManager>
    <MarkerAspectManagers></MarkerAspectManagers>
    <Markers>
      <Marker SerializationID="1" Name="Startup" TemplateID="64079280547853478" TemplateName="EntitySet" X="0" Y="0">
        <EntityProperties ParentEntitySetID="0" Description="" />
        <EntitySetProperties Active="True" Exportable="True" />
      </Marker>
      <Marker SerializationID="2" Name="para" TemplateID="64079280547853478" TemplateName="EntitySet" X="13010.79" Y="-695.7246">
        <EntityProperties ParentEntitySetID="0" Description="" />
        <EntitySetProperties Active="False" Exportable="False" />
      </Marker>
      <Marker SerializationID="3" Name="parachuteScript" TemplateID="59584148284663864" TemplateName="secondaryScript" X="2492.691" Y="-399.7121">
        <EntityProperties ParentEntitySetID="1" Description="" />
        <LuaScriptProperties ScriptName="parachute">
          <Script>
SCRIPT_NAME =	"parachute"
logtofile = true


function onMissionStart()
	jumperTable = {}
	spawnedSet = {}
	deploy_chute_table = {"dep1","dep2","dep3","dep4","dep5","dep6","dep7","dep8"}
	OFP:addTimer("timeMech", 500)
	OFP:addTimer("hangCycle", 1000)
end

function hangRemoval()
	local tableCount = 0
	for i,v in pairs(hangChute) do
		tableCount = tableCount + 1
		if v == "spawned" then
			OFP:destroyEntitySet(i)
			hangChute[i] = nil
			hasChutes = true
		end
	end
	if not hasChutes then
		OFP:removeTimer("hangRemoval")
		hangChute = nil
		numChutes = nil
		--OFP:displaySystemMessage("Hung chute process completed")
		EDX:distributeFunction("onParachuteReady")
	else
		OFP:setTimer("hangRemoval", 500)
		hasChutes = nil
	end
end

function hangCycle()
	--OFP:displaySystemMessage("Hang cycle started")
	if not hangChute then
		hangChute = {}
	end
	for i = 1, 50 do
		hangChute[OFP:spawnEntitySetAtLocation("cht1", 0, 0, 0)] = true
	end
	OFP:addTimer("hangRemoval", 1000)
	OFP:removeTimer("hangCycle")
end

function chutedeploy()
	local haveJumpers = false
	for i,v in pairs(jumperTable) do
		local temp = v
		if not hid then
			hid=OFP:activateEntitySet("hid")
		end
		local x,y,z = OFP:getPosition(i)
		terrain_height = OFP:getTerrainHeight(x,z)
		height_from_ground = math.floor(y - terrain_height)
		distance_fallen = temp.jump_height - height_from_ground
		if distance_fallen &gt;= 20 and height_from_ground &lt;= 200 and temp.dep == 0 then
			temp.container_delay = 0
			temp.dep = 1;
			temp.extra = 0
			temp.chute_set = deploy_chute_table[temp.deploy_chute_index]
			jumperTable[i] = temp
			deploychute(i)
		end
		haveJumpers = true
	end
	if not haveJumpers then
		OFP:removeTimer("chutedeploy")
	else
		OFP:setTimer("chutedeploy", 250)
	end
end

function newJumper(unitName, jumpHeight)
	local temp = {}
	--temp.leader = tostring(OFP:getLeaderOfEchelon(OFP:getParentEchelon(unitName)))
	temp.jump_height = jumpHeight
	temp.count = 0
	temp.alt = 99999
	temp.dep = 0
	temp.teth = 0
	temp.teth2 = 0
	temp.teth3 = 0
	temp.net = 0
	temp.chute = ""
	temp.deploy_chute_index = 1
	temp.extra = 0
	temp.container_delay = 0
	temp.deploy_chute_destroy_table = {}
	temp.container_chute_destroy_table = {}
	jumperTable[unitName] = temp
end

function deploychute(jumperName)
	local temp = jumperTable[jumperName]
	local x,y,z = OFP:getPosition(jumperName)
	if temp.deploy_chute_index &gt; 2 then
		OFP:destroyEntitySet(temp.deploy_chute_destroy_table[1])
		table.remove(temp.deploy_chute_destroy_table,1)
	end
	if temp.container_delay &gt; 1 then
		OFP:destroyEntitySet(temp.container_chute_destroy_table[1])
		table.remove(temp.container_chute_destroy_table,1)
	end
	
	if not jumperTable[jumperName].onGround then
		if not disengageChute(jumperName) then
			spawnedSet[OFP:spawnEntitySetAtLocation(temp.chute_set,x,y + temp.extra,z)] = jumperName
			if temp.teth == 1 then
				temp.container_chute_set = "teth1"
				spawnedSet[OFP:spawnEntitySetAtLocation(temp.container_chute_set,x+0.0,y-3,z+0.0)] = jumperName
			end
		else
			for container_i = 1,#temp.container_chute_destroy_table do
				OFP:destroyEntitySet(temp.container_chute_destroy_table[container_i])
			end
			
			for chute_i = 1,#temp.deploy_chute_destroy_table do
				OFP:destroyEntitySet(temp.deploy_chute_destroy_table[chute_i])
			end	
			OFP:destroyEntitySet(temp.teth2)
			OFP:destroyEntitySet(temp.teth3)
			OFP:setInvulnerable(jumperName,false)
			OFP:clearCommandQueue(jumperName)
-- 			if temp.leader ~= jumperName then
-- 				OFP:attach(OFP:getParentEchelon(temp.leader), jumperName)
-- 			end
			temp.onGround = EDX:serialTimer("removeJumper", 1000, jumperName)
			--OFP:displaySystemMessage("CHUTE CLOSED")
			jumperTable[jumperName] = temp
			return
		end
		if temp.net==1 then
			temp.teth2=OFP:spawnEntitySetAtLocation("tethI2",x-0.8,y-8.1,z-2.3)
			spawnedSet[temp.teth2] = jumperName
		end
		if temp.net==2 then
			temp.teth3=OFP:spawnEntitySetAtLocation("tethI2",x-0.8,y-8.1,z-2.3)
			spawnedSet[temp.teth3] = jumperName
		end
		if temp.net==7 then
			OFP:destroyEntitySet(temp.teth2)
		end
		if temp.net==8 then
			OFP:destroyEntitySet(temp.teth3)
		end
		jumperTable[jumperName] = temp
	end
end

function removeJumper(jumperName, timerID)
	jumperTable[jumperName] = nil
	EDX:deleteTimer(timerID)
end

function onSpawnedReady( setName, setID, tableOfEntities, errorCode )
	if hangChute and hangChute[setID] then
		hangChute[setID] = "spawned"
		if not numChutes then
			numChutes = 0
		end
		numChutes = numChutes + 1
		if numChutes  &lt; 4500 then
			hangChute[OFP:spawnEntitySetAtLocation("cht1", 0, 0, 0)] = true
		end
	end
	if spawnedSet[setID] then
		local jumperName = spawnedSet[setID]
		local temp = jumperTable[jumperName]
		if setName == temp.chute_set then
			table.insert(temp.deploy_chute_destroy_table,setID)
			if temp.deploy_chute_index &lt;= #deploy_chute_table then
				temp.extra = temp.extra + 0.8
				temp.deploy_chute_index = temp.deploy_chute_index + 1
				temp.chute_set = (deploy_chute_table[temp.deploy_chute_index])
			end	
			if temp.deploy_chute_index &gt; #deploy_chute_table then
				temp.teth = 1
				temp.chute_set = "cht1"
				temp.net = temp.net + 1
			end
			jumperTable[spawnedSet[setID]] = temp
			deploychute(jumperName)	
		end	
		if setName == temp.container_chute_set then
			temp.container_delay = temp.container_delay + 1
			table.insert(temp.container_chute_destroy_table,setID)
			jumperTable[spawnedSet[setID]] = temp
		end
		spawnedSet[setID] = nil
	end
end
 
function onDismount(vehicleName, unitName, echelonName)
	if OFP:isInGroup(unitName, "chutegroup") then
		local x,y,z = OFP:getPosition(vehicleName)
		terrain_height = OFP:getTerrainHeight(x,z)
		jump_height = y - terrain_height
		if jump_height &gt;= 50 then
			 jumper = unitName
			 newJumper(unitName, jump_height)
-- 			 if unitName ~= jumperTable[unitName].leader then
-- 			 	OFP:detach(OFP:getParentEchelon(jumperTable[unitName].leader), unitName)
-- 			 end
			 OFP:setInvulnerable(jumper,true)
			 if not OFP:isPlayer(jumper) and not OFP:isSecondaryPlayer(jumper) then
			 	OFP:stop(jumper,"OVERRIDE")
			 end
			 OFP:addTimer("chutedeploy",250)
			-- OFP:displaySystemMessage("jumper jumped")
		end
	end
end

function disengageChute(unitName)
	if OFP:isAlive(unitName) then
		if not jumperTable[unitName] then
			jumperTable[unitName] = {}
			jumperTable[unitName].count = 0
			jumperTable[unitName].alt = 99999
		end
		local x,y,z = OFP:getPosition(unitName)
		local tHeight = OFP:getTerrainHeight(x,z)
		local altitude = y - tHeight
		if y &lt;= 42 or altitude &lt;= 2 then
			jumperTable[unitName] = nil
			return true
		else
			if jumperTable[unitName].count &gt;= 20 then
				if jumperTable[unitName].alt - y &lt;= 1 then
					jumperTable[unitName] = nil
					return true
				end
				jumperTable[unitName].alt = y
				jumperTable[unitName].count = 0
				--OFP:displaySystemMessage("count reset")
			else
				jumperTable[unitName].count = jumperTable[unitName].count + 1
			end
			return false
		end
	else
		return true
	end
end

----------------------------------------------------------------------------------------------------------------DEBUGGING FUNCTIONS

 -- to use the logger to debug your mission just create a log entry in your code like this log("your message")
 --Your message will be written to a file called "yourScriptName Log.txt" and can be found in your OFDR game directory
function log(message)
  if logtofile then
    local logFile = io.open("./"..SCRIPT_NAME.." Log.txt", "a+")
      if message ~= nil then
          logFile:write(os.date() .. ": " .. message .. "\n")
      else
            logFile:write(os.date() .. ": (nil)\n")
        end
      logFile:close()
  end
end</Script>
        </LuaScriptProperties>
      </Marker>
      <Marker SerializationID="4" Name="dep1" TemplateID="64079280547853478" TemplateName="EntitySet" X="13010.79" Y="-695.7246">
        <EntityProperties ParentEntitySetID="2" Description="" />
        <EntitySetProperties Active="False" Exportable="True" />
      </Marker>
      <Marker SerializationID="5" Name="ba12ssbbcsaI3" TemplateID="65804955662969066" TemplateName="ba12ssbbcsa" X="2393.707" Y="-580.2816">
        <EntityProperties ParentEntitySetID="4" Description="" />
        <TransformProperties GameMatrix="-0.0651838, 0.9961598, 0.05845359, 0, -0.01104647, -0.05929494, 0.9981804, 0, 0.9978127, 0.06441941, 0.01486944, 0, 2393.707, -39, -580.2816, 1" AltitudeMode="SeaLevel" />
      </Marker>
      <Marker SerializationID="6" Name="ba12ssbbceaI3" TemplateID="65804957860784362" TemplateName="ba12ssbbcea" X="2393.237" Y="-580.2118">
        <EntityProperties ParentEntitySetID="4" Description="" />
        <TransformProperties GameMatrix="-0.003215651, 0.99999, -0.003116033, 0, -0.05577609, -0.003290534, -0.9984369, 0, -0.9984391, -0.003036829, 0.05578513, 0, 2393.237, -39, -580.2118, 1" AltitudeMode="SeaLevel" />
      </Marker>
      <Marker SerializationID="7" Name="dep2" TemplateID="64079280547853478" TemplateName="EntitySet" X="13010.79" Y="-695.7246">
        <EntityProperties ParentEntitySetID="2" Description="" />
        <EntitySetProperties Active="False" Exportable="True" />
      </Marker>
      <Marker SerializationID="8" Name="ba12ssbbceaI4" TemplateID="65804957860784362" TemplateName="ba12ssbbcea" X="2393.717" Y="-590.4218">
        <EntityProperties ParentEntitySetID="7" Description="" />
        <TransformProperties GameMatrix="0.004461361, 0.99999, -0.0003825795, 0, 0.7901244, -0.003290534, 0.6129404, 0, 0.6129329, -0.003036829, -0.7901295, 0, 2393.717, -39, -590.4218, 1" AltitudeMode="SeaLevel" />
      </Marker>
      <Marker SerializationID="9" Name="ba12ssbbcsaI4" TemplateID="65804955662969066" TemplateName="ba12ssbbcsa" X="2393.457" Y="-590.0199">
        <EntityProperties ParentEntitySetID="7" Description="" />
        <TransformProperties GameMatrix="-0.001350971, 0.9961598, -0.08754399, 0, -0.7460889, -0.05929494, -0.6632027, 0, -0.6658472, 0.06441941, 0.7433043, 0, 2393.457, -39, -590.0199, 1" AltitudeMode="SeaLevel" />
      </Marker>
      <Marker SerializationID="10" Name="dep3" TemplateID="64079280547853478" TemplateName="EntitySet" X="13010.79" Y="-695.7246">
        <EntityProperties ParentEntitySetID="2" Description="" />
        <EntitySetProperties Active="False" Exportable="True" />
      </Marker>
      <Marker SerializationID="11" Name="ba12ssbbcsaI5" TemplateID="65804955662969066" TemplateName="ba12ssbbcsa" X="2394.427" Y="-601.4169">
        <EntityProperties ParentEntitySetID="10" Description="" />
        <TransformProperties GameMatrix="0.08720545, 0.9961598, 0.00780728, 0, 0.7375576, -0.05929494, -0.6726789, 0, -0.6696333, 0.06441941, -0.7398966, 0, 2394.427, -39, -601.4169, 1" AltitudeMode="SeaLevel" />
      </Marker>
      <Marker SerializationID="12" Name="ba12ssbbceaI5" TemplateID="65804957860784362" TemplateName="ba12ssbbcea" X="2394.807" Y="-601.118">
        <EntityProperties ParentEntitySetID="10" Description="" />
        <TransformProperties GameMatrix="-8.585077E-05, 0.99999, 0.004476915, 0, -0.6921738, -0.003290534, 0.7217252, 0, 0.7217328, -0.003036829, 0.6921674, 0, 2394.807, -39, -601.118, 1" AltitudeMode="SeaLevel" />
      </Marker>
      <Marker SerializationID="13" Name="dep4" TemplateID="64079280547853478" TemplateName="EntitySet" X="13010.79" Y="-695.7246">
        <EntityProperties ParentEntitySetID="2" Description="" />
        <EntitySetProperties Active="False" Exportable="True" />
      </Marker>
      <Marker SerializationID="14" Name="ba12ssbbceaI1" TemplateID="65804957860784362" TemplateName="ba12ssbbcea" X="2404.157" Y="-580.9276">
        <EntityProperties ParentEntitySetID="13" Description="" />
        <TransformProperties GameMatrix="-0.003215651, 0.99999, -0.003116033, 0, -0.05577609, -0.003290534, -0.9984369, 0, -0.9984391, -0.003036829, 0.05578513, 0, 2404.157, -39, -580.9276, 1" AltitudeMode="SeaLevel" />
      </Marker>
      <Marker SerializationID="15" Name="ba12ssbbcsaI1" TemplateID="65804955662969066" TemplateName="ba12ssbbcsa" X="2404.626" Y="-580.9989">
        <EntityProperties ParentEntitySetID="13" Description="" />
        <TransformProperties GameMatrix="-0.0651838, 0.9961598, 0.05845359, 0, -0.01104647, -0.05929494, 0.9981804, 0, 0.9978127, 0.06441941, 0.01486944, 0, 2404.626, -39, -580.9989, 1" AltitudeMode="SeaLevel" />
      </Marker>
      <Marker SerializationID="16" Name="ba11mlsbbcvrI6" TemplateID="64977821390891242" TemplateName="ba11mlsbbcvr" X="2405.637" Y="-580.8739">
        <EntityProperties ParentEntitySetID="13" Description="" />
        <TransformProperties GameMatrix="-0.9234986, 0.3836016, -5.960464E-08, 0, -0.009250596, -0.02227044, -0.9997092, 0, -0.3834901, -0.9232301, 0.02411526, 0, 2405.637, -39, -580.8739, 1" AltitudeMode="SeaLevel" />
      </Marker>
      <Marker SerializationID="17" Name="dep5" TemplateID="64079280547853478" TemplateName="EntitySet" X="13010.79" Y="-695.7246">
        <EntityProperties ParentEntitySetID="2" Description="" />
        <EntitySetProperties Active="False" Exportable="True" />
      </Marker>
      <Marker SerializationID="18" Name="CBRI12" TemplateID="64977821105678570" TemplateName="ba11mlsbbcvl" X="2402.917" Y="-590.9457">
        <EntityProperties ParentEntitySetID="17" Description="" />
        <TransformProperties GameMatrix="0.1567279, 0.9875939, -0.009740293, 0, -0.07050943, 0.001351357, -0.9975104, 0, -0.9851218, 0.1570246, 0.06984633, 0, 2402.917, -39, -590.9457, 1" AltitudeMode="SeaLevel" />
      </Marker>
      <Marker SerializationID="19" Name="ba12ssbbcea" TemplateID="65804957860784362" TemplateName="ba12ssbbcea" X="2404.336" Y="-591.7816">
        <EntityProperties ParentEntitySetID="17" Description="" />
        <TransformProperties GameMatrix="0.004461361, 0.99999, -0.0003825795, 0, 0.7901244, -0.003290534, 0.6129404, 0, 0.6129329, -0.003036829, -0.7901295, 0, 2404.336, -39, -591.7816, 1" AltitudeMode="SeaLevel" />
      </Marker>
      <Marker SerializationID="20" Name="ba12ssbbcsa" TemplateID="65804955662969066" TemplateName="ba12ssbbcsa" X="2404.077" Y="-591.3788">
        <EntityProperties ParentEntitySetID="17" Description="" />
        <TransformProperties GameMatrix="-0.001350977, 0.9961598, -0.08754397, 0, -0.7460887, -0.05929494, -0.6632026, 0, -0.6658477, 0.06441941, 0.7433041, 0, 2404.077, -39, -591.3788, 1" AltitudeMode="SeaLevel" />
      </Marker>
      <Marker SerializationID="21" Name="ba11mlsbbcvrI7" TemplateID="64977821390891242" TemplateName="ba11mlsbbcvr" X="2405.827" Y="-591.0629">
        <EntityProperties ParentEntitySetID="17" Description="" />
        <TransformProperties GameMatrix="-0.3189929, 0.9477572, -5.960464E-08, 0, -0.02285519, -0.007692695, -0.9997094, 0, -0.9474817, -0.3189, 0.02411485, 0, 2405.827, -39, -591.0629, 1" AltitudeMode="SeaLevel" />
      </Marker>
      <Marker SerializationID="22" Name="CBRI13" TemplateID="64977821105678570" TemplateName="ba11mlsbbcvl" X="2403.187" Y="-590.8046">
        <EntityProperties ParentEntitySetID="17" Description="" />
        <TransformProperties GameMatrix="0.9704557, 0.1640511, 0.1769263, 0, -0.05787007, 0.8701394, -0.489396, 0, -0.2342365, 0.4646984, 0.8539254, 0, 2403.187, -39, -590.8046, 1" AltitudeMode="SeaLevel" />
      </Marker>
      <Marker SerializationID="23" Name="ba11mlsbbcvrI8" TemplateID="64977821390891242" TemplateName="ba11mlsbbcvr" X="2403.167" Y="-591.8427">
        <EntityProperties ParentEntitySetID="17" Description="" />
        <TransformProperties GameMatrix="0.9219977, 0.1813022, -0.3421255, 0, 0.01587667, 0.8651534, 0.501256, 0, 0.3868698, -0.4675887, 0.7947909, 0, 2403.167, -39, -591.8427, 1" AltitudeMode="SeaLevel" />
      </Marker>
      <Marker SerializationID="24" Name="ba12ssbbcsaI8" TemplateID="65804955662969066" TemplateName="ba12ssbbcsa" X="2403.626" Y="-591.4906">
        <EntityProperties ParentEntitySetID="17" Description="" />
        <TransformProperties GameMatrix="0.08720545, 0.9961598, 0.00780728, 0, 0.7375576, -0.05929494, -0.6726789, 0, -0.6696333, 0.06441941, -0.7398966, 0, 2403.626, -39, -591.4906, 1" AltitudeMode="SeaLevel" />
      </Marker>
      <Marker SerializationID="25" Name="ba12ssbbceaI8" TemplateID="65804957860784362" TemplateName="ba12ssbbcea" X="2403.997" Y="-591.1918">
        <EntityProperties ParentEntitySetID="17" Description="" />
        <TransformProperties GameMatrix="-8.585077E-05, 0.99999, 0.004476915, 0, -0.6921738, -0.003290534, 0.7217252, 0, 0.7217328, -0.003036829, 0.6921674, 0, 2403.997, -39, -591.1918, 1" AltitudeMode="SeaLevel" />
      </Marker>
      <Marker SerializationID="26" Name="ba12ssbbceaI7" TemplateID="65804957860784362" TemplateName="ba12ssbbcea" X="2404.737" Y="-591.5468">
        <EntityProperties ParentEntitySetID="17" Description="" />
        <TransformProperties GameMatrix="0.002497524, 0.99999, 0.003716518, 0, -0.1530301, -0.003290534, 0.9882182, 0, 0.9882193, -0.003036829, 0.1530205, 0, 2404.737, -39, -591.5468, 1" AltitudeMode="SeaLevel" />
      </Marker>
      <Marker SerializationID="27" Name="ba12ssbbcsaI7" TemplateID="65804955662969066" TemplateName="ba12ssbbcsa" X="2405.177" Y="-591.6757">
        <EntityProperties ParentEntitySetID="17" Description="" />
        <TransformProperties GameMatrix="-0.4579868, 0.887888, -0.04362416, 0, 0.2169855, 0.06406605, -0.9740702, 0, -0.8620704, -0.4555771, -0.2220002, 0, 2405.177, -39, -591.6757, 1" AltitudeMode="SeaLevel" />
      </Marker>
      <Marker SerializationID="28" Name="dep6" TemplateID="64079280547853478" TemplateName="EntitySet" X="13010.79" Y="-695.7246">
        <EntityProperties ParentEntitySetID="2" Description="" />
        <EntitySetProperties Active="False" Exportable="True" />
      </Marker>
      <Marker SerializationID="29" Name="ba12ssbbceaI2" TemplateID="65804957860784362" TemplateName="ba12ssbbcea" X="2403.027" Y="-599.7919">
        <EntityProperties ParentEntitySetID="28" Description="" />
        <TransformProperties GameMatrix="0.7994674, 0.6006929, 0.004476771, 0, -0.4183705, 0.5514342, 0.7217247, 0, 0.4310662, -0.5788684, 0.6921657, 0, 2403.027, -39, -599.7919, 1" AltitudeMode="SeaLevel" />
      </Marker>
      <Marker SerializationID="30" Name="ba12ssbbcsaI2" TemplateID="65804955662969066" TemplateName="ba12ssbbcsa" X="2407.457" Y="-600.5096">
        <EntityProperties ParentEntitySetID="28" Description="" />
        <TransformProperties GameMatrix="-0.8573147, 0.514734, 0.007806882, 0, 0.3763694, 0.6370637, -0.6726782, 0, -0.3512238, -0.5737585, -0.7398943, 0, 2407.457, -39, -600.5096, 1" AltitudeMode="SeaLevel" />
      </Marker>
      <Marker SerializationID="31" Name="ba11mlsbbcvrI9" TemplateID="64977821390891242" TemplateName="ba11mlsbbcvr" X="2403.807" Y="-601.1776">
        <EntityProperties ParentEntitySetID="28" Description="" />
        <TransformProperties GameMatrix="0.9219977, 0.1813022, -0.3421255, 0, 0.01587667, 0.8651534, 0.501256, 0, 0.3868698, -0.4675887, 0.7947909, 0, 2403.807, -39, -601.1776, 1" AltitudeMode="SeaLevel" />
      </Marker>
      <Marker SerializationID="32" Name="CBRI14" TemplateID="64977821105678570" TemplateName="ba11mlsbbcvl" X="2403.876" Y="-599.4237">
        <EntityProperties ParentEntitySetID="28" Description="" />
        <TransformProperties GameMatrix="0.9704557, 0.1640511, 0.1769263, 0, -0.05787007, 0.8701394, -0.489396, 0, -0.2342365, 0.4646984, 0.8539254, 0, 2403.876, -39, -599.4237, 1" AltitudeMode="SeaLevel" />
      </Marker>
      <Marker SerializationID="33" Name="CBRI15" TemplateID="64977821105678570" TemplateName="ba11mlsbbcvl" X="2402.927" Y="-599.8866">
        <EntityProperties ParentEntitySetID="28" Description="" />
        <TransformProperties GameMatrix="0.6851964, 0.7282932, -0.009740233, 0, -0.05753157, 0.04078645, -0.9975101, 0, -0.7260826, 0.6840507, 0.06984657, 0, 2402.927, -39, -599.8866, 1" AltitudeMode="SeaLevel" />
      </Marker>
      <Marker SerializationID="34" Name="ba11mlsbbcvrI10" TemplateID="64977821390891242" TemplateName="ba11mlsbbcvr" X="2407.167" Y="-599.9828">
        <EntityProperties ParentEntitySetID="28" Description="" />
        <TransformProperties GameMatrix="-0.6100383, 0.792372, -1.192093E-07, 0, -0.01910803, -0.01471126, -0.9997092, 0, -0.7921416, -0.6098608, 0.02411503, 0, 2407.167, -39, -599.9828, 1" AltitudeMode="SeaLevel" />
      </Marker>
      <Marker SerializationID="35" Name="dep7" TemplateID="64079280547853478" TemplateName="EntitySet" X="13010.79" Y="-695.7246">
        <EntityProperties ParentEntitySetID="2" Description="" />
        <EntitySetProperties Active="False" Exportable="True" />
      </Marker>
      <Marker SerializationID="36" Name="ba12ssbbceaI6" TemplateID="65804957860784362" TemplateName="ba12ssbbcea" X="2415.997" Y="-581.952">
        <EntityProperties ParentEntitySetID="35" Description="" />
        <TransformProperties GameMatrix="0.9216414, 0.3582428, -0.1491282, 0, -0.1787976, 0.050969, -0.9825649, 0, -0.3443957, 0.9322362, 0.1110282, 0, 2415.997, -39, -581.952, 1" AltitudeMode="SeaLevel" />
      </Marker>
      <Marker SerializationID="37" Name="ba12ssbbcsaI6" TemplateID="65804955662969066" TemplateName="ba12ssbbcsa" X="2420.017" Y="-580.4867">
        <EntityProperties ParentEntitySetID="35" Description="" />
        <TransformProperties GameMatrix="-0.9840496, 0.1680159, 0.05845366, 0, 0.05510676, -0.02451813, 0.9981794, 0, 0.1691432, 0.9854793, 0.01486832, 0, 2420.017, -39, -580.4867, 1" AltitudeMode="SeaLevel" />
      </Marker>
      <Marker SerializationID="38" Name="ba11mlsbbcvrI11" TemplateID="64977821390891242" TemplateName="ba11mlsbbcvr" X="2415.317" Y="-581.329">
        <EntityProperties ParentEntitySetID="35" Description="" />
        <TransformProperties GameMatrix="0.8275015, 0.5573766, -0.06762171, 0, -0.01761729, 0.1461549, 0.9891049, 0, 0.5611871, -0.8172944, 0.1307629, 0, 2415.317, -39, -581.329, 1" AltitudeMode="SeaLevel" />
      </Marker>
      <Marker SerializationID="39" Name="CBRI16" TemplateID="64977821105678570" TemplateName="ba11mlsbbcvl" X="2419.517" Y="-581.4789">
        <EntityProperties ParentEntitySetID="35" Description="" />
        <TransformProperties GameMatrix="-0.7712018, 0.6236634, 0.1276399, 0, 0.05970603, -0.1287593, 0.989877, 0, 0.6337849, 0.7710156, 0.06206274, 0, 2419.517, -39, -581.4789, 1" AltitudeMode="SeaLevel" />
      </Marker>
      <Marker SerializationID="40" Name="CBRI17" TemplateID="64977821105678570" TemplateName="ba11mlsbbcvl" X="2415.277" Y="-581.2948">
        <EntityProperties ParentEntitySetID="35" Description="" />
        <TransformProperties GameMatrix="0.8129552, 0.5822448, -0.009740174, 0, -0.04857102, 0.05112988, -0.9975102, 0, -0.5802971, 0.8114042, 0.06984651, 0, 2415.277, -39, -581.2948, 1" AltitudeMode="SeaLevel" />
      </Marker>
      <Marker SerializationID="41" Name="ba11mlsbbcvrI12" TemplateID="64977821390891242" TemplateName="ba11mlsbbcvr" X="2419.507" Y="-581.327">
        <EntityProperties ParentEntitySetID="35" Description="" />
        <TransformProperties GameMatrix="-0.7819785, 0.6233058, -2.980232E-08, 0, -0.01503101, -0.0188576, -0.9997094, 0, -0.6231246, -0.7817509, 0.02411485, 0, 2419.507, -39, -581.327, 1" AltitudeMode="SeaLevel" />
      </Marker>
      <Marker SerializationID="42" Name="dep8" TemplateID="64079280547853478" TemplateName="EntitySet" X="12985.31" Y="209.8389">
        <EntityProperties ParentEntitySetID="2" Description="" />
        <EntitySetProperties Active="False" Exportable="True" />
      </Marker>
      <Marker SerializationID="43" Name="ba10lsbbacvrI5" TemplateID="64977966866131178" TemplateName="ba10lsbbacvr" X="2416.757" Y="-592.3168">
        <EntityProperties ParentEntitySetID="42" Description="" />
        <TransformProperties GameMatrix="0.4969583, 0.03763466, 0.8669595, 0, -0.8677745, 0.01966953, 0.4965727, 0, 0.001635387, -0.9990981, 0.04243355, 0, 2416.757, -38, -592.3168, 1" AltitudeMode="SeaLevel" />
      </Marker>
      <Marker SerializationID="44" Name="ba10lsbbacvlI4" TemplateID="64977966597695722" TemplateName="ba10lsbbacvl" X="2416.027" Y="-591.9237">
        <EntityProperties ParentEntitySetID="42" Description="" />
        <TransformProperties GameMatrix="0.5000017, -8.739315E-08, 0.866028, 0, 0.865732, 0.02603459, -0.4998306, 0, -0.02254681, 0.9996611, 0.01301752, 0, 2416.027, -38, -591.9237, 1" AltitudeMode="SeaLevel" />
      </Marker>
      <Marker SerializationID="45" Name="ba10lsbbacvlI5" TemplateID="64977966597695722" TemplateName="ba10lsbbacvl" X="2416.857" Y="-591.431">
        <EntityProperties ParentEntitySetID="42" Description="" />
        <TransformProperties GameMatrix="0.4848118, -8.739315E-08, -0.8746216, 0, -0.8743224, 0.02603459, -0.484645, 0, 0.02277063, 0.9996611, 0.01262185, 0, 2416.857, -38, -591.431, 1" AltitudeMode="SeaLevel" />
      </Marker>
      <Marker SerializationID="46" Name="ba10lsbbacvlI3" TemplateID="64977966597695722" TemplateName="ba10lsbbacvl" X="2416.876" Y="-592.4076">
        <EntityProperties ParentEntitySetID="42" Description="" />
        <TransformProperties GameMatrix="-1, -8.739315E-08, 2.276021E-09, 0, -7.105427E-15, 0.02603459, 0.9996611, 0, -8.742279E-08, 0.9996611, -0.02603483, 0, 2416.876, -38, -592.4076, 1" AltitudeMode="SeaLevel" />
      </Marker>
      <Marker SerializationID="47" Name="ba10lsbbacvrI4" TemplateID="64977966866131178" TemplateName="ba10lsbbacvr" X="2416.857" Y="-591.5839">
        <EntityProperties ParentEntitySetID="42" Description="" />
        <TransformProperties GameMatrix="-0.9992871, 0.03763466, -0.003101235, 0, 0.003843615, 0.01966953, -0.9997993, 0, -0.0375661, -0.9990981, -0.01980042, 0, 2416.857, -38, -591.5839, 1" AltitudeMode="SeaLevel" />
      </Marker>
      <Marker SerializationID="48" Name="ba10lsbbacvrI6" TemplateID="64977966866131178" TemplateName="ba10lsbbacvr" X="2416.147" Y="-591.85">
        <EntityProperties ParentEntitySetID="42" Description="" />
        <TransformProperties GameMatrix="0.4871768, 0.03763466, -0.8724924, 0, 0.872584, 0.01966953, 0.488075, 0, 0.03553034, -0.9990981, -0.0232567, 0, 2416.147, -38, -591.85, 1" AltitudeMode="SeaLevel" />
      </Marker>
      <Marker SerializationID="49" Name="hid" TemplateID="64079280547853478" TemplateName="EntitySet" X="12.22119" Y="-1761.547">
        <EntityProperties ParentEntitySetID="2" Description="" />
        <EntitySetProperties Active="False" Exportable="True" />
      </Marker>
      <Marker SerializationID="50" Name="ob34freight" TemplateID="67628066487974048" TemplateName="ob34freightb" X="2557.958" Y="-608.1293">
        <EntityProperties ParentEntitySetID="49" Description="" />
        <TransformProperties GameMatrix="-0.002768517, 0.9999963, -8.742278E-08, 0, 0.9999963, 0.002768338, -7.105427E-15, 0, 2.42018E-10, -8.742245E-08, -1, 0, 2557.958, -10, -608.1293, 1" AltitudeMode="SeaLevel" />
      </Marker>
      <Marker SerializationID="51" Name="ob34freightb" TemplateID="67628066487974048" TemplateName="ob34freightb" X="2547.709" Y="-662.2142">
        <EntityProperties ParentEntitySetID="49" Description="" />
        <TransformProperties GameMatrix="-0.002768517, 0.9999963, -8.742278E-08, 0, 0.9999963, 0.002768338, -7.105427E-15, 0, 2.42018E-10, -8.742245E-08, -1, 0, 2547.709, -10, -662.2142, 1" AltitudeMode="SeaLevel" />
      </Marker>
      <Marker SerializationID="52" Name="ob34freightbI10" TemplateID="67628066487974048" TemplateName="ob34freightb" X="2557.909" Y="-662.2123">
        <EntityProperties ParentEntitySetID="49" Description="" />
        <TransformProperties GameMatrix="-0.002768517, 0.9999963, -8.742278E-08, 0, 0.9999963, 0.002768338, -7.105427E-15, 0, 2.42018E-10, -8.742245E-08, -1, 0, 2557.909, -10, -662.2123, 1" AltitudeMode="SeaLevel" />
      </Marker>
      <Marker SerializationID="53" Name="ob34freightbI11" TemplateID="67628066487974048" TemplateName="ob34freightb" X="2562.969" Y="-662.2383">
        <EntityProperties ParentEntitySetID="49" Description="" />
        <TransformProperties GameMatrix="-0.002768517, 0.9999963, -8.742278E-08, 0, 0.9999963, 0.002768338, -7.105427E-15, 0, 2.42018E-10, -8.742245E-08, -1, 0, 2562.969, -10, -662.2383, 1" AltitudeMode="SeaLevel" />
      </Marker>
      <Marker SerializationID="54" Name="ob34freightbI12" TemplateID="67628066487974048" TemplateName="ob34freightb" X="2568.043" Y="-662.2242">
        <EntityProperties ParentEntitySetID="49" Description="" />
        <TransformProperties GameMatrix="-0.002768517, 0.9999963, -8.742278E-08, 0, 0.9999963, 0.002768338, -7.105427E-15, 0, 2.42018E-10, -8.742245E-08, -1, 0, 2568.043, -10, -662.2242, 1" AltitudeMode="SeaLevel" />
      </Marker>
      <Marker SerializationID="55" Name="ob34freightbI13" TemplateID="67628066487974048" TemplateName="ob34freightb" X="2573.191" Y="-662.2192">
        <EntityProperties ParentEntitySetID="49" Description="" />
        <TransformProperties GameMatrix="-0.002768517, 0.9999963, -8.742278E-08, 0, 0.9999963, 0.002768338, -7.105427E-15, 0, 2.42018E-10, -8.742245E-08, -1, 0, 2573.191, -10, -662.2192, 1" AltitudeMode="SeaLevel" />
      </Marker>
      <Marker SerializationID="56" Name="ob34freightbI14" TemplateID="67628066487974048" TemplateName="ob34freightb" X="2527.325" Y="-656.2063">
        <EntityProperties ParentEntitySetID="49" Description="" />
        <TransformProperties GameMatrix="-0.002768517, 0.9999963, -8.742278E-08, 0, 0.9999963, 0.002768338, -7.105427E-15, 0, 2.42018E-10, -8.742245E-08, -1, 0, 2527.325, -10, -656.2063, 1" AltitudeMode="SeaLevel" />
      </Marker>
      <Marker SerializationID="57" Name="ob34freightbI15" TemplateID="67628066487974048" TemplateName="ob34freightb" X="2532.472" Y="-656.1882">
        <EntityProperties ParentEntitySetID="49" Description="" />
        <TransformProperties GameMatrix="-0.002768517, 0.9999963, -8.742278E-08, 0, 0.9999963, 0.002768338, -7.105427E-15, 0, 2.42018E-10, -8.742245E-08, -1, 0, 2532.472, -10, -656.1882, 1" AltitudeMode="SeaLevel" />
      </Marker>
      <Marker SerializationID="58" Name="ob34freightbI16" TemplateID="67628066487974048" TemplateName="ob34freightb" X="2537.527" Y="-656.2192">
        <EntityProperties ParentEntitySetID="49" Description="" />
        <TransformProperties GameMatrix="-0.002768517, 0.9999963, -8.742278E-08, 0, 0.9999963, 0.002768338, -7.105427E-15, 0, 2.42018E-10, -8.742245E-08, -1, 0, 2537.527, -10, -656.2192, 1" AltitudeMode="SeaLevel" />
      </Marker>
      <Marker SerializationID="59" Name="ob34freightbI17" TemplateID="67628066487974048" TemplateName="ob34freightb" X="2542.604" Y="-656.2313">
        <EntityProperties ParentEntitySetID="49" Description="" />
        <TransformProperties GameMatrix="-0.002768517, 0.9999963, -8.742278E-08, 0, 0.9999963, 0.002768338, -7.105427E-15, 0, 2.42018E-10, -8.742245E-08, -1, 0, 2542.604, -10, -656.2313, 1" AltitudeMode="SeaLevel" />
      </Marker>
      <Marker SerializationID="60" Name="ob34freightbI18" TemplateID="67628066487974048" TemplateName="ob34freightb" X="2547.705" Y="-656.2213">
        <EntityProperties ParentEntitySetID="49" Description="" />
        <TransformProperties GameMatrix="-0.002768517, 0.9999963, -8.742278E-08, 0, 0.9999963, 0.002768338, -7.105427E-15, 0, 2.42018E-10, -8.742245E-08, -1, 0, 2547.705, -10, -656.2213, 1" AltitudeMode="SeaLevel" />
      </Marker>
      <Marker SerializationID="61" Name="ob34freightbI19" TemplateID="67628066487974048" TemplateName="ob34freightb" X="2552.777" Y="-656.2273">
        <EntityProperties ParentEntitySetID="49" Description="" />
        <TransformProperties GameMatrix="-0.002768517, 0.9999963, -8.742278E-08, 0, 0.9999963, 0.002768338, -7.105427E-15, 0, 2.42018E-10, -8.742245E-08, -1, 0, 2552.777, -10, -656.2273, 1" AltitudeMode="SeaLevel" />
      </Marker>
      <Marker SerializationID="62" Name="ob34freightbI20" TemplateID="67628066487974048" TemplateName="ob34freightb" X="2557.904" Y="-656.2183">
        <EntityProperties ParentEntitySetID="49" Description="" />
        <TransformProperties GameMatrix="-0.002768517, 0.9999963, -8.742278E-08, 0, 0.9999963, 0.002768338, -7.105427E-15, 0, 2.42018E-10, -8.742245E-08, -1, 0, 2557.904, -10, -656.2183, 1" AltitudeMode="SeaLevel" />
      </Marker>
      <Marker SerializationID="63" Name="ob34freightbI21" TemplateID="67628066487974048" TemplateName="ob34freightb" X="2562.963" Y="-656.2473">
        <EntityProperties ParentEntitySetID="49" Description="" />
        <TransformProperties GameMatrix="-0.002768517, 0.9999963, -8.742278E-08, 0, 0.9999963, 0.002768338, -7.105427E-15, 0, 2.42018E-10, -8.742245E-08, -1, 0, 2562.963, -10, -656.2473, 1" AltitudeMode="SeaLevel" />
      </Marker>
      <Marker SerializationID="64" Name="ob34freightbI22" TemplateID="67628066487974048" TemplateName="ob34freightb" X="2568.039" Y="-656.2323">
        <EntityProperties ParentEntitySetID="49" Description="" />
        <TransformProperties GameMatrix="-0.002768517, 0.9999963, -8.742278E-08, 0, 0.9999963, 0.002768338, -7.105427E-15, 0, 2.42018E-10, -8.742245E-08, -1, 0, 2568.039, -10, -656.2323, 1" AltitudeMode="SeaLevel" />
      </Marker>
      <Marker SerializationID="65" Name="ob34freightbI23" TemplateID="67628066487974048" TemplateName="ob34freightb" X="2573.187" Y="-656.2273">
        <EntityProperties ParentEntitySetID="49" Description="" />
        <TransformProperties GameMatrix="-0.002768517, 0.9999963, -8.742278E-08, 0, 0.9999963, 0.002768338, -7.105427E-15, 0, 2.42018E-10, -8.742245E-08, -1, 0, 2573.187, -10, -656.2273, 1" AltitudeMode="SeaLevel" />
      </Marker>
      <Marker SerializationID="66" Name="ob34freightbI24" TemplateID="67628066487974048" TemplateName="ob34freightb" X="2527.334" Y="-650.1803">
        <EntityProperties ParentEntitySetID="49" Description="" />
        <TransformProperties GameMatrix="-0.002768517, 0.9999963, -8.742278E-08, 0, 0.9999963, 0.002768338, -7.105427E-15, 0, 2.42018E-10, -8.742245E-08, -1, 0, 2527.334, -10, -650.1803, 1" AltitudeMode="SeaLevel" />
      </Marker>
      <Marker SerializationID="67" Name="ob34freightbI25" TemplateID="67628066487974048" TemplateName="ob34freightb" X="2532.48" Y="-650.1622">
        <EntityProperties ParentEntitySetID="49" Description="" />
        <TransformProperties GameMatrix="-0.002768517, 0.9999963, -8.742278E-08, 0, 0.9999963, 0.002768338, -7.105427E-15, 0, 2.42018E-10, -8.742245E-08, -1, 0, 2532.48, -10, -650.1622, 1" AltitudeMode="SeaLevel" />
      </Marker>
      <Marker SerializationID="68" Name="ob34freightbI26" TemplateID="67628066487974048" TemplateName="ob34freightb" X="2537.536" Y="-650.1953">
        <EntityProperties ParentEntitySetID="49" Description="" />
        <TransformProperties GameMatrix="-0.002768517, 0.9999963, -8.742278E-08, 0, 0.9999963, 0.002768338, -7.105427E-15, 0, 2.42018E-10, -8.742245E-08, -1, 0, 2537.536, -10, -650.1953, 1" AltitudeMode="SeaLevel" />
      </Marker>
      <Marker SerializationID="69" Name="ob34freightbI27" TemplateID="67628066487974048" TemplateName="ob34freightb" X="2542.612" Y="-650.2063">
        <EntityProperties ParentEntitySetID="49" Description="" />
        <TransformProperties GameMatrix="-0.002768517, 0.9999963, -8.742278E-08, 0, 0.9999963, 0.002768338, -7.105427E-15, 0, 2.42018E-10, -8.742245E-08, -1, 0, 2542.612, -10, -650.2063, 1" AltitudeMode="SeaLevel" />
      </Marker>
      <Marker SerializationID="70" Name="ob34freightbI28" TemplateID="67628066487974048" TemplateName="ob34freightb" X="2547.713" Y="-650.1963">
        <EntityProperties ParentEntitySetID="49" Description="" />
        <TransformProperties GameMatrix="-0.002768517, 0.9999963, -8.742278E-08, 0, 0.9999963, 0.002768338, -7.105427E-15, 0, 2.42018E-10, -8.742245E-08, -1, 0, 2547.713, -10, -650.1963, 1" AltitudeMode="SeaLevel" />
      </Marker>
      <Marker SerializationID="71" Name="ob34freightbI29" TemplateID="67628066487974048" TemplateName="ob34freightb" X="2552.786" Y="-650.2003">
        <EntityProperties ParentEntitySetID="49" Description="" />
        <TransformProperties GameMatrix="-0.002768517, 0.9999963, -8.742278E-08, 0, 0.9999963, 0.002768338, -7.105427E-15, 0, 2.42018E-10, -8.742245E-08, -1, 0, 2552.786, -10, -650.2003, 1" AltitudeMode="SeaLevel" />
      </Marker>
      <Marker SerializationID="72" Name="ob34freightbI30" TemplateID="67628066487974048" TemplateName="ob34freightb" X="2557.914" Y="-650.1943">
        <EntityProperties ParentEntitySetID="49" Description="" />
        <TransformProperties GameMatrix="-0.002768517, 0.9999963, -8.742278E-08, 0, 0.9999963, 0.002768338, -7.105427E-15, 0, 2.42018E-10, -8.742245E-08, -1, 0, 2557.914, -10, -650.1943, 1" AltitudeMode="SeaLevel" />
      </Marker>
      <Marker SerializationID="73" Name="ob34freightbI31" TemplateID="67628066487974048" TemplateName="ob34freightb" X="2562.973" Y="-650.2203">
        <EntityProperties ParentEntitySetID="49" Description="" />
        <TransformProperties GameMatrix="-0.002768517, 0.9999963, -8.742278E-08, 0, 0.9999963, 0.002768338, -7.105427E-15, 0, 2.42018E-10, -8.742245E-08, -1, 0, 2562.973, -10, -650.2203, 1" AltitudeMode="SeaLevel" />
      </Marker>
      <Marker SerializationID="74" Name="ob34freightbI32" TemplateID="67628066487974048" TemplateName="ob34freightb" X="2568.048" Y="-650.2063">
        <EntityProperties ParentEntitySetID="49" Description="" />
        <TransformProperties GameMatrix="-0.002768517, 0.9999963, -8.742278E-08, 0, 0.9999963, 0.002768338, -7.105427E-15, 0, 2.42018E-10, -8.742245E-08, -1, 0, 2568.048, -10, -650.2063, 1" AltitudeMode="SeaLevel" />
      </Marker>
      <Marker SerializationID="75" Name="ob34freightbI33" TemplateID="67628066487974048" TemplateName="ob34freightb" X="2573.195" Y="-650.2013">
        <EntityProperties ParentEntitySetID="49" Description="" />
        <TransformProperties GameMatrix="-0.002768517, 0.9999963, -8.742278E-08, 0, 0.9999963, 0.002768338, -7.105427E-15, 0, 2.42018E-10, -8.742245E-08, -1, 0, 2573.195, -10, -650.2013, 1" AltitudeMode="SeaLevel" />
      </Marker>
      <Marker SerializationID="76" Name="ob34freightbI34" TemplateID="67628066487974048" TemplateName="ob34freightb" X="2527.351" Y="-644.1703">
